4 4
7 5 6 3 
8 3 4 2 
0 3 1 2 
3 3 3 7 

4 4
8 4 1 8 
2 4 4 2 
2 0 2 1 
6 6 8 2 


4 4
96 66 63 78 
90 56 44 78 
20 24 30 11 
78 66 77 47 


5 6
5 8 5 9 5 6 
0 3 9 9 1 9 
0 2 0 0 5 2 
4 5 1 6 1 0 
7 3 4 6 4 4 

6 5
2 9 3 7 0 
4 7 4 9 1 
4 9 4 6 1 
0 6 1 7 2 
2 9 1 4 4 
9 4 7 6 9 


5 5
126 269 123 256 105 
131 201 121 202 115 
36 67 27 50 40 
34 125 43 125 22 
86 208 87 182 71 


7 8
1 9 6 2 7 3 6 3 
0 8 8 8 3 0 7 0 
2 4 2 8 2 2 9 1 
6 1 4 8 5 5 3 3 
6 2 0 2 0 3 8 0 
6 6 8 3 9 5 9 9 
4 8 4 7 6 7 5 4 

8 7
5 2 4 2 8 6 2 
5 1 2 1 8 1 2 
1 2 3 1 0 0 3 
1 2 7 8 8 3 4 
7 6 8 9 8 6 0 
9 6 7 4 2 1 5 
1 3 6 9 5 4 6 
6 7 9 4 8 9 7 


7 7
158 126 194 174 212 117 118 
84 79 162 170 187 78 114 
87 86 171 185 185 99 121 
148 127 214 185 209 135 122 
77 60 111 114 126 79 87 
242 214 323 268 319 227 202 
205 159 256 219 271 152 157 


